2403.08173
2312.08156
2407.13393
2401.10883
2505.09600
2304.12294
2503.07005
2506.11170
2410.21590
2506.10743
2502.11846
2410.07244
2010.12490
2502.17595
2503.14986
2502.11709
2405.12730
2503.15604
2508.10771
2411.04955
2503.23807
2508.03497
2411.09177
2401.12913
2504.16847
2504.17863
2506.11224
2407.17490
2208.08330
2409.03900
2506.11217
1807.07780
2409.08803
2502.03812
2505.23243
2310.06026
2311.18706
2505.11617
2506.06159
2405.07246
2409.08127
2211.16119
2408.08555
2407.20368
2401.05202
2305.08384
2411.18396
2210.15660
2508.10025
2406.06259
2506.04385
2306.11348
2505.13987
2006.05686
2505.14003
2307.15845
2412.08017
2309.16912
2406.07497
2406.00863
2302.11617
2506.23879
2310.01555
2210.17288
2410.11035
2401.01999
2305.07794
1806.06212
2506.10417
2502.07525
2309.09780
2411.14004
2406.17152
2504.08355
2405.04573
2508.10624
2508.03460
2502.16770
2506.06346
2502.14036
2507.15572
2409.05718
2505.02469
2503.17058
2308.05772
2409.15743
2505.19372
2507.13016
2503.03116
2503.12791
2502.21122
2303.11922
2309.13360
2501.00017
2405.03555
2506.07017
2209.00334
2406.00493
2407.08344
2406.11268
