2410.17350
2508.10483
2508.10460
2409.14572
2506.14400
2209.09508
2507.22369
2503.04699
2404.10525
2411.07183
2411.07181
2404.12029
2508.10155
2507.06071
2507.18994
2301.06709
2412.19261
2508.05101
2402.05604
2503.00186
2508.01454
2212.08962
2508.07040
2410.04162
2504.05937
2311.00098
2501.17269
2212.02121
2508.09937
2411.19728
2310.19583
2508.07178
2206.01262
2503.19420
2003.03055
2404.01488
2109.12291
2308.09959
2504.10765
2302.05038
2109.13790
2307.01285
2501.10342
2409.18734
2506.19716
2505.04026
2503.24094
2508.10607
2508.10516
2508.10534
2505.01718
2409.07919
2508.10847
2508.10835
2508.10733
2309.13250
2410.06445
2502.06000
2502.19465
2504.21442
1104.4969
2503.13905
2412.08809
2408.12221
2503.06776
2311.15149
2208.03259
2306.05334
2508.10629
1309.6258
2508.10543
2508.10618
2508.10422
2404.19018
2505.04067
2410.17269
2508.06488
2409.18287
2411.08556
2506.19725
2501.12450
2506.16073
2507.02615
2312.15518
2402.17415
2412.03730
2312.08633
2508.10109
2508.10110
2508.10366
2508.10368
2508.10325
2508.10373
2508.10513
2508.10620
2508.10595
2508.10575
2508.10579
2503.23807
2406.11268
